[[1]]
            [,1]        [,2]       [,3]       [,4]
[1,] -1.06728828  0.21580742  0.4614496 0.82500260
[2,]  0.97961183 -1.79185016  0.3350788 0.78745412
[3,] -0.08355375  0.03134275 -0.8645477 0.04720033
[4,] -0.29555491 -0.08693470  1.1806771 0.10705922
[5,] -0.74350294 -0.86178433 -0.1938235 0.12330060

[[2]]
[1] -1.0672883  0.2158074  0.4614496  0.8250026

[[3]]
            [,1]       [,2]       [,3]
[1,]  0.21580742  0.4614496 0.82500260
[2,] -1.79185016  0.3350788 0.78745412
[3,]  0.03134275 -0.8645477 0.04720033
[4,] -0.08693470  1.1806771 0.10705922
[5,] -0.86178433 -0.1938235 0.12330060

[[4]]
            [,1]        [,2]       [,3]       [,4]
[1,] -0.08355375  0.03134275 -0.8645477 0.04720033
[2,] -0.29555491 -0.08693470  1.1806771 0.10705922
[3,] -0.74350294 -0.86178433 -0.1938235 0.12330060

